# As_1e9 ns H0 omegab omegam w0pwa w LSST_DZ_S1 LSST_DZ_S2 LSST_DZ_S3 LSST_DZ_S4 LSST_DZ_S5 LSST_A1_1 LSST_A1_2 LSST_M1 LSST_M2 LSST_M3 LSST_M4 LSST_M5
8.810553749264375678e-02 7.089704502153263040e-03 -1.464214090373599619e+00 -1.479898087877109776e-03 -2.944916596805749465e-03 3.592034502499787119e-02 -2.280750337727642171e-02 2.043138978204615583e-05 -2.390867868300753114e-05 -9.475634100314068797e-06 -4.062718512772462857e-05 -1.520875440386859741e-05 -1.182290959168448346e-03 1.343590549687507033e-02 1.339137463811548863e-05 2.237998474734064771e-05 -1.523812574955262036e-05 -5.507488181937009620e-05 -1.146834369581948464e-04
7.089704502153263040e-03 1.135544675652789409e-03 -1.529952520690062989e-01 -7.853339410915737939e-05 -2.242876600399822129e-04 1.525368620718690676e-03 -3.456827341761517947e-03 -3.189491186426979696e-06 -3.435935463085596068e-06 -1.753452917272307343e-07 -4.042636650576022021e-06 -1.902646005618504220e-06 1.953832735323465222e-04 6.880780869150786468e-03 -5.239161445725402581e-07 1.563629057794159827e-07 -7.242743378903716962e-06 -8.150480521192097862e-06 8.180888257074000146e-06
-1.464214090373599619e+00 -1.529952520690062989e-01 5.229215745608372856e+01 5.172313843564708274e-02 -1.841891575568997338e-02 -8.179748505534339964e-02 7.899723999009106157e-02 -1.500181128255561073e-04 1.601291488677647088e-03 1.256252615116707372e-03 5.550280492161024926e-04 4.064992944008798668e-05 -2.293527870516989722e-03 1.492450475227255491e-01 1.792369347325514686e-04 1.208091255772905572e-03 1.513346647947376358e-03 9.453813038467395648e-04 -2.769617631299349427e-03
-1.479898087877109776e-03 -7.853339410915737939e-05 5.172313843564708274e-02 1.052420224407375342e-04 5.740187412801090242e-05 -1.435376560378337843e-03 5.033668032906440633e-04 -7.165600327890704983e-07 9.979556097582973825e-07 1.334252668435233814e-06 1.089386185212429584e-06 -4.331936820473892623e-07 -8.146733324776724594e-06 -4.339979397697560858e-04 -5.739668247919187010e-07 -3.591473935679983272e-07 -4.905338635037317871e-07 -2.179202323820009037e-07 1.007257783580149792e-07
-2.944916596805749465e-03 -2.242876600399822129e-04 -1.841891575568997338e-02 5.740187412801090242e-05 4.552109888961449304e-04 -4.640819831422179388e-03 3.254827580495956059e-03 3.048200736253631007e-07 -4.206146763627657943e-06 -3.354909286605682205e-06 2.651258092815217489e-06 9.445357813332424628e-07 5.987860851377788826e-06 -5.822615790596212364e-03 -2.439110350048132787e-06 -8.764555789381693737e-06 -6.052527109667888916e-06 9.232490692290112620e-07 1.745519816484674314e-05
3.592034502499787119e-02 1.525368620718690676e-03 -8.179748505534339964e-02 -1.435376560378337843e-03 -4.640819831422179388e-03 1.575162879472799815e-01 -6.241724477724035214e-02 2.861763113394914657e-05 -7.049541683906471496e-06 -3.654719714957987899e-05 -1.496421799984069416e-05 3.035942051074294815e-05 5.870603875189468052e-03 7.596525863561874592e-02 4.550323746008292953e-05 -5.589129826280313159e-05 -1.685908127943085122e-04 -2.611597560045032329e-05 2.819629171958698945e-04
-2.280750337727642171e-02 -3.456827341761517947e-03 7.899723999009106157e-02 5.033668032906440633e-04 3.254827580495956059e-03 -6.241724477724035214e-02 4.150362417992248254e-02 1.052228601891291848e-05 -1.416772107735021764e-05 -7.264621108395620919e-06 1.568462449720563415e-05 2.078146436597690958e-06 -2.747832561774522266e-03 -8.303722452317198466e-02 -1.882289000522604925e-05 -1.900273873817926002e-05 6.415116266502594248e-05 5.604348485760909135e-05 -3.657964035431016234e-05
2.043138978204615583e-05 -3.189491186426979696e-06 -1.500181128255561073e-04 -7.165600327890704983e-07 3.048200736253631007e-07 2.861763113394914657e-05 1.052228601891291848e-05 3.763694365358181705e-06 8.948781126017016965e-08 1.441717784908402050e-07 -3.677773652507555400e-08 4.726769331112746519e-08 1.400132433301312071e-05 -5.115632661548605558e-04 -2.260913036594395248e-07 5.520829317284240840e-07 1.884527547701698237e-07 -1.447663019237470213e-07 -3.767087407813415701e-08
-2.390867868300753114e-05 -3.435935463085596068e-06 1.601291488677647088e-03 9.979556097582973825e-07 -4.206146763627657943e-06 -7.049541683906471496e-06 -1.416772107735021764e-05 8.948781126017016965e-08 3.445436022644660778e-06 1.998061504539374741e-07 3.772747273958387563e-08 3.547916870394542862e-08 2.193598501517791258e-06 1.077363425351435326e-05 3.248592706446681048e-07 -1.237892845899540122e-06 6.561705129238505073e-07 4.176995936353252089e-07 -1.442503495889408237e-07
-9.475634100314068797e-06 -1.753452917272307343e-07 1.256252615116707372e-03 1.334252668435233814e-06 -3.354909286605682205e-06 -3.654719714957987899e-05 -7.264621108395620919e-06 1.441717784908402050e-07 1.998061504539374741e-07 3.363941770414174336e-06 3.966355611230189637e-07 -1.776746256862596062e-07 2.285013162391217658e-06 1.334192547753375638e-04 1.159700186423679509e-08 6.212987537461057036e-07 -1.311143153889905072e-06 4.101070930641755579e-07 -1.352940808140269943e-08
-4.062718512772463535e-05 -4.042636650576022021e-06 5.550280492161024926e-04 1.089386185212429584e-06 2.651258092815217489e-06 -1.496421799984069416e-05 1.568462449720563415e-05 -3.677773652507555400e-08 3.772747273958387563e-08 3.966355611230189637e-07 3.859385917583068156e-06 -8.534224918351945614e-08 -4.122804953614775043e-06 4.301361987468322679e-04 -1.232120811890243832e-07 2.433415706157655677e-07 4.647366675866009125e-07 -1.035236461435149066e-06 5.466533966677061448e-07
-1.520875440386859741e-05 -1.902646005618504220e-06 4.064992944008798668e-05 -4.331936820473892623e-07 9.445357813332424628e-07 3.035942051074294815e-05 2.078146436597690958e-06 4.726769331112746519e-08 3.547916870394542862e-08 -1.776746256862596062e-07 -8.534224918351945614e-08 3.886535626728492627e-06 -2.591461842830383195e-06 -1.104400135618965260e-04 2.430794431519884898e-07 -5.545611989865388655e-08 1.826834301772102975e-08 2.864105045657405154e-07 -6.804525013122843732e-07
-1.182290959168448346e-03 1.953832735323465222e-04 -2.293527870516989722e-03 -8.146733324776724594e-06 5.987860851377788826e-06 5.870603875189468052e-03 -2.747832561774522266e-03 1.400132433301312071e-05 2.193598501517791258e-06 2.285013162391217658e-06 -4.122804953614775043e-06 -2.591461842830383195e-06 2.528338034183810062e-03 -1.199601472770184599e-02 1.639187318439312054e-05 -5.570844277489245050e-06 -3.075293076817901507e-05 -2.585505469886203284e-05 4.619889488539457412e-05
1.343590549687507033e-02 6.880780869150786468e-03 1.492450475227255491e-01 -4.339979397697560858e-04 -5.822615790596212364e-03 7.596525863561874592e-02 -8.303722452317198466e-02 -5.115632661548605558e-04 1.077363425351435326e-05 1.334192547753375638e-04 4.301361987468322679e-04 -1.104400135618965260e-04 -1.199601472770184599e-02 1.108487401233527514e+00 -5.064947908628417064e-04 5.153969561391570761e-05 1.720530122887489852e-04 4.221429529285601417e-04 -2.717380846434275135e-04
1.339137463811548524e-05 -5.239161445725402581e-07 1.792369347325514686e-04 -5.739668247919187010e-07 -2.439110350048132787e-06 4.550323746008293630e-05 -1.882289000522604925e-05 -2.260913036594395248e-07 3.248592706446681577e-07 1.159700186423678186e-08 -1.232120811890243832e-07 2.430794431519884898e-07 1.639187318439312054e-05 -5.064947908628417064e-04 2.419051565862973907e-05 1.069604166177266175e-06 1.490904967186333598e-07 -1.783207132476660449e-07 -4.199482440998586542e-07
2.237998474734064771e-05 1.563629057794157974e-07 1.208091255772905572e-03 -3.591473935679983272e-07 -8.764555789381693737e-06 -5.589129826280313159e-05 -1.900273873817926002e-05 5.520829317284240840e-07 -1.237892845899540122e-06 6.212987537461058094e-07 2.433415706157655677e-07 -5.545611989865388655e-08 -5.570844277489245050e-06 5.153969561391570761e-05 1.069604166177266175e-06 2.176708428113914589e-05 1.744592644894336338e-06 1.353037943850846184e-06 -3.145628494614015481e-07
-1.523812574955262036e-05 -7.242743378903716962e-06 1.513346647947376574e-03 -4.905338635037317871e-07 -6.052527109667888916e-06 -1.685908127943085122e-04 6.415116266502594248e-05 1.884527547701698237e-07 6.561705129238505073e-07 -1.311143153889905072e-06 4.647366675866009125e-07 1.826834301772102975e-08 -3.075293076817901507e-05 1.720530122887489852e-04 1.490904967186333598e-07 1.744592644894336338e-06 1.872049304573641365e-05 3.168059888937289362e-06 1.451347859881079912e-06
-5.507488181937009620e-05 -8.150480521192097862e-06 9.453813038467395648e-04 -2.179202323820009037e-07 9.232490692290112620e-07 -2.611597560045032329e-05 5.604348485760909135e-05 -1.447663019237470213e-07 4.176995936353252089e-07 4.101070930641755579e-07 -1.035236461435149066e-06 2.864105045657405154e-07 -2.585505469886203284e-05 4.221429529285601417e-04 -1.783207132476660449e-07 1.353037943850846184e-06 3.168059888937289362e-06 1.630296477469604671e-05 4.632934874610137545e-06
-1.146834369581948464e-04 8.180888257074000146e-06 -2.769617631299349427e-03 1.007257783580149792e-07 1.745519816484674314e-05 2.819629171958698945e-04 -3.657964035431016911e-05 -3.767087407813413054e-08 -1.442503495889408237e-07 -1.352940808140269943e-08 5.466533966677061448e-07 -6.804525013122843732e-07 4.619889488539457412e-05 -2.717380846434275135e-04 -4.199482440998586542e-07 -3.145628494614015481e-07 1.451347859881079912e-06 4.632934874610137545e-06 1.937676312994783336e-05
