# As_1e9 ns H0 omegab omegam w LSST_DZ_S1 LSST_DZ_S2 LSST_DZ_S3 LSST_DZ_S4 LSST_DZ_S5 LSST_A1_1 LSST_A1_2 LSST_M1 LSST_M2 LSST_M3 LSST_M4 LSST_M5
8.768873247267355842e-02 4.560369373935390346e-03 -2.053761699837844290e+00 -1.868102673426847446e-03 5.446477855092228711e-04 1.164686941262304057e-02 3.000035610263795149e-06 -3.471431685654362064e-05 -7.033497142683040260e-06 2.712293489839174356e-05 7.082308438496080357e-06 -5.848681028339643671e-03 -3.976687650192401585e-02 -1.490980589890825137e-05 -8.057933250289555337e-05 -3.958692360134600103e-05 3.935403015556867830e-05 7.138578218807705323e-05
4.560369373935390346e-03 1.390640187472307054e-03 -2.017054261041088259e-01 -1.405225494540192506e-04 -1.945537357538469050e-04 -3.473911830713639470e-03 2.490171171996457635e-06 2.000681707616858087e-06 9.072700079372694015e-07 -1.654672925251797222e-06 -8.096884009889046520e-08 7.677987956944290569e-04 3.843972066861280914e-04 3.930763281656161502e-06 3.391874952354159154e-06 -3.251495418230742595e-06 -8.122551030759532308e-06 1.709286777803177694e-06
-2.053761699837844290e+00 -2.017054261041088259e-01 7.569728215110100678e+01 7.157723870659972454e-02 -3.359129256742215269e-02 -5.274653179755230126e-02 -8.009521159335115546e-05 7.273980315009436490e-04 3.158345694126018935e-04 -1.501090570001585220e-04 -4.307090560143909735e-04 1.781129264657935196e-02 2.780465791444675649e-01 7.942503741135446479e-04 2.403687549194356496e-03 2.452523177302845872e-03 3.408537312033127530e-04 -5.387785354564713497e-03
-1.868102673426847446e-03 -1.405225494540192506e-04 7.157723870659972454e-02 1.160200707853819137e-04 3.718524759634285991e-05 3.776735516142374152e-05 -4.565791916136009965e-07 -6.784719745711835659e-07 -8.527528325937137804e-07 -6.788841837850091532e-07 3.352916751747417634e-09 7.250523542078178105e-06 3.675226847075859405e-05 -4.962590157043226113e-07 -8.803388120186936321e-07 -1.028469495630879210e-06 -4.654843627811625341e-07 2.980858550312133659e-06
5.446477855092228711e-04 -1.945537357538469050e-04 -3.359129256742215269e-02 3.718524759634285991e-05 3.448641405222635406e-04 1.946237065575722553e-03 -2.139024583843591983e-06 -5.395433646285101461e-06 -3.496518243065152190e-06 -1.003199288239574741e-06 2.763690984795222287e-06 -1.857037534053443037e-04 4.187341937051735708e-04 -7.431879252636621136e-06 -1.442917868255339481e-05 -1.187522388565674399e-05 1.539695190696936034e-07 3.465730225433322627e-05
1.164686941262304057e-02 -3.473911830713639470e-03 -5.274653179755230126e-02 3.776735516142374152e-05 1.946237065575722553e-03 2.200084098000554961e-02 -1.413142933479384248e-05 -3.952565536961337407e-05 -1.620202094543163625e-05 9.855163397534268777e-06 1.994140610896703964e-05 -4.194928131455930020e-03 -1.003707863024492358e-02 -4.518254288670211382e-05 -9.250643731198886558e-05 -3.439717924301150198e-05 4.684295083096181353e-05 1.771139423795659940e-04
3.000035610263795149e-06 2.490171171996457635e-06 -8.009521159335115546e-05 -4.565791916136009965e-07 -2.139024583843591983e-06 -1.413142933479384248e-05 3.657132966775586186e-06 3.055807945358426069e-07 -8.771405208566649411e-08 -2.726139480217685334e-08 2.337853622723437721e-08 -7.854685800596834129e-07 -3.052966520203039989e-04 -4.999469504639314072e-07 4.469566417815026317e-07 2.449282137581744129e-07 -2.094144992573954111e-09 -3.771748456315283708e-07
-3.471431685654362064e-05 2.000681707616858087e-06 7.273980315009436490e-04 -6.784719745711835659e-07 -5.395433646285101461e-06 -3.952565536961337407e-05 3.055807945358426069e-07 3.368187489498378129e-06 3.810368220245529859e-07 1.521723120817985685e-07 -3.822501991981555285e-08 2.275393812316359792e-05 1.557135777303144124e-04 3.626922915871597182e-07 -1.187580466291605221e-06 6.439371568603356934e-07 3.784538411448073903e-07 -3.284947721207631263e-07
-7.033497142683040260e-06 9.072700079372694015e-07 3.158345694126018935e-04 -8.527528325937137804e-07 -3.496518243065152190e-06 -1.620202094543163625e-05 -8.771405208566649411e-08 3.810368220245529859e-07 3.444124062550082278e-06 2.178824667706412309e-07 7.417539146328970112e-09 1.232750039208821580e-05 1.570203864455670183e-04 1.533179983305239982e-07 4.775719450609278960e-07 -1.384773301310901208e-06 4.851506029531577978e-07 1.426628567950862617e-07
2.712293489839174356e-05 -1.654672925251797222e-06 -1.501090570001585220e-04 -6.788841837850091532e-07 -1.003199288239574741e-06 9.855163397534268777e-06 -2.726139480217685334e-08 1.521723120817985685e-07 2.178824667706412309e-07 3.675941215171994209e-06 6.177802631606858474e-08 3.693146852141487505e-06 9.848967148565018986e-05 -7.701497940709619237e-08 2.860858180113944061e-07 5.735618281681090632e-07 -1.350026734846845737e-06 5.366917855240001378e-07
7.082308438496080357e-06 -8.096884009889046520e-08 -4.307090560143909735e-04 3.352916751747417634e-09 2.763690984795222287e-06 1.994140610896703964e-05 2.337853622723437721e-08 -3.822501991981555285e-08 7.417539146328970112e-09 6.177802631606858474e-08 3.983145017793836908e-06 -9.888544489201641469e-06 -1.013230766789812310e-04 -1.045623830802229634e-08 -3.202640728114513544e-07 9.245409108555477571e-08 2.775920976280743179e-07 -3.905927034204866536e-07
-5.848681028339643671e-03 7.677987956944290569e-04 1.781129264657935196e-02 7.250523542078178105e-06 -1.857037534053443037e-04 -4.194928131455930020e-03 -7.854685800596834129e-07 2.275393812316359792e-05 1.232750039208821580e-05 3.693146852141487505e-06 -9.888544489201641469e-06 5.127245351386380823e-03 3.412053114304301749e-02 -8.368557600467399713e-06 9.704960967900137477e-06 -6.900336673830670993e-06 -2.359947604685170739e-05 3.374182658803179308e-06
-3.976687650192401585e-02 3.843972066861280914e-04 2.780465791444675649e-01 3.675226847075859405e-05 4.187341937051735708e-04 -1.003707863024492358e-02 -3.052966520203039989e-04 1.557135777303144124e-04 1.570203864455670183e-04 9.848967148565018986e-05 -1.013230766789812310e-04 3.412053114304301749e-02 3.923199343675476958e-01 -2.554800302573496181e-04 1.050504008283113436e-04 3.510236752704906779e-05 -6.421341929962978321e-05 8.166715179661167355e-05
-1.490980589890825137e-05 3.930763281656161502e-06 7.942503741135446479e-04 -4.962590157043226113e-07 -7.431879252636621136e-06 -4.518254288670211382e-05 -4.999469504639314072e-07 3.626922915871597182e-07 1.533179983305239982e-07 -7.701497940709619237e-08 -1.045623830802229469e-08 -8.368557600467399713e-06 -2.554800302573496181e-04 2.414624138282660138e-05 8.061825442245957625e-07 5.369280829500462439e-07 1.264835759044834893e-07 -9.237927593666545612e-07
-8.057933250289555337e-05 3.391874952354159154e-06 2.403687549194356496e-03 -8.803388120186936321e-07 -1.442917868255339481e-05 -9.250643731198886558e-05 4.469566417815026317e-07 -1.187580466291605221e-06 4.775719450609278960e-07 2.860858180113944061e-07 -3.202640728114513544e-07 9.704960967900137477e-06 1.050504008283113436e-04 8.061825442245957625e-07 2.174876336725065635e-05 1.859143509342136176e-06 1.041530534065370947e-06 -1.030812599417045785e-06
-3.958692360134600103e-05 -3.251495418230742595e-06 2.452523177302845872e-03 -1.028469495630879210e-06 -1.187522388565674399e-05 -3.439717924301150198e-05 2.449282137581744129e-07 6.439371568603356934e-07 -1.384773301310901208e-06 5.735618281681090632e-07 9.245409108555477571e-08 -6.900336673830670993e-06 3.510236752704906779e-05 5.369280829500462439e-07 1.859143509342136176e-06 1.775056341691233855e-05 2.869926775039142317e-06 1.794874175582604701e-06
3.935403015556867830e-05 -8.122551030759532308e-06 3.408537312033127530e-04 -4.654843627811625341e-07 1.539695190696936034e-07 4.684295083096181353e-05 -2.094144992573954111e-09 3.784538411448073903e-07 4.851506029531577978e-07 -1.350026734846845737e-06 2.775920976280743179e-07 -2.359947604685170739e-05 -6.421341929962978321e-05 1.264835759044834893e-07 1.041530534065370947e-06 2.869926775039142317e-06 1.598484071179442608e-05 4.673362408734678282e-06
7.138578218807705323e-05 1.709286777803177694e-06 -5.387785354564713497e-03 2.980858550312133659e-06 3.465730225433322627e-05 1.771139423795659940e-04 -3.771748456315283708e-07 -3.284947721207631263e-07 1.426628567950862617e-07 5.366917855240001378e-07 -3.905927034204866536e-07 3.374182658803179308e-06 8.166715179661167355e-05 -9.237927593666545612e-07 -1.030812599417045785e-06 1.794874175582604701e-06 4.673362408734678282e-06 1.922658402638255834e-05
