# As_1e9 ns H0 omegab omegam LSST_DZ_S1 LSST_DZ_S2 LSST_DZ_S3 LSST_DZ_S4 LSST_DZ_S5 LSST_A1_1 LSST_A1_2 LSST_M1 LSST_M2 LSST_M3 LSST_M4 LSST_M5
1.555952840493585176e-02 7.836144277319728561e-04 -6.758972486850785277e-02 1.400988822628180253e-05 -7.399729522101946818e-04 1.247121678392988772e-05 2.713452462789465278e-05 1.841480681791702489e-05 -4.198035771614143496e-06 -2.171872162852144555e-05 6.392823685404715357e-03 -1.424189356869274333e-03 8.685634090818855656e-06 2.740989299159044763e-05 1.882390163466685982e-05 -1.545404898497873005e-05 -1.329946863549883276e-04
7.836144277319728561e-04 1.902524127321538947e-04 -1.218143967056170042e-03 2.945628581573238306e-05 -2.101055155027383036e-05 -5.937497756999637919e-08 1.401267201241231130e-06 -4.982024692959402726e-08 -1.241414596160023257e-07 7.511272149665986708e-07 5.227115964245447654e-04 -1.349222486576705108e-04 -1.101286414313538561e-06 -3.870302155375068865e-09 2.798424169257220688e-06 2.407993988538648863e-06 3.025346818688593601e-06
-6.758972486850785277e-02 -1.218143967056170042e-03 8.530720693706255631e+00 1.034512679074589894e-02 -1.712203975581913160e-02 -3.690991462518419201e-05 1.516647285360048019e-04 7.591828252781199140e-05 1.266530980000991739e-04 3.465785765835787752e-05 -1.401204722217210819e-01 -1.373356457266002306e-01 -2.417488246016048705e-04 8.137750460700293904e-04 1.500361118037065985e-03 5.119051857276099397e-04 -6.199109913528916965e-04
1.400988822628180253e-05 2.945628581573238306e-05 1.034512679074589894e-02 3.643070666736965594e-05 7.999986406771585694e-06 3.713240775925311896e-07 -1.196721013803434263e-07 -4.297999145685039532e-07 -2.646023199185691364e-07 5.174894078424340115e-07 2.623349433156609077e-04 -3.629539927048267131e-04 -1.763499029476423588e-07 -3.771281925214532773e-07 3.317411722208546239e-07 2.344095176477703663e-07 -1.326125481186850547e-08
-7.399729522101946818e-04 -2.101055155027383036e-05 -1.712203975581913160e-02 7.999986406771585694e-06 1.398505092417906743e-04 1.530814636657332259e-07 -2.767146774984712009e-06 -2.276473576324580488e-06 -9.227909175988929093e-07 1.840781885956231646e-06 4.936325022221133224e-04 1.850964252579045922e-04 6.520190279259891785e-07 -6.146344805702366210e-06 -8.575823342824599583e-06 -2.546528470328467765e-06 8.495901297483802550e-06
1.247121678392988772e-05 -5.937497756999637919e-08 -3.690991462518419201e-05 3.713240775925311896e-07 1.530814636657332259e-07 3.539953611483505842e-06 3.143546307116363910e-07 1.421119010162730453e-07 1.517073717565434702e-08 -1.747419146492721380e-07 -1.496147958932605114e-04 -7.124260803252606834e-05 -7.380378327714455075e-07 5.909430339756348497e-07 3.186621026129705042e-07 1.543343097095165858e-07 -1.788302943473590812e-07
2.713452462789465278e-05 1.401267201241231130e-06 1.516647285360048019e-04 -1.196721013803434263e-07 -2.767146774984712009e-06 3.143546307116363910e-07 3.392780876057112069e-06 1.951343872184800320e-07 1.413664343874835956e-07 -1.521601806391709083e-08 2.758149365723105225e-05 8.915501910124388443e-05 3.599907304379396818e-07 -1.722813363934010025e-06 6.107528553352821300e-07 4.742584704942895389e-07 8.307885567846175969e-08
1.841480681791702489e-05 -4.982024692959402726e-08 7.591828252781199140e-05 -4.297999145685039532e-07 -2.276473576324580488e-06 1.421119010162730453e-07 1.951343872184800320e-07 3.579343534137355210e-06 1.126673310620081275e-07 -1.313785153624924868e-08 -4.195959199490217152e-05 -4.142016769620321674e-05 7.983491507639438713e-08 4.923158916785149758e-07 -1.740181656349104875e-06 5.127611963042040920e-07 2.207887810201102883e-07
-4.198035771614143496e-06 -1.241414596160023257e-07 1.266530980000991739e-04 -2.646023199185691364e-07 -9.227909175988929093e-07 1.517073717565434702e-08 1.413664343874835956e-07 1.126673310620081275e-07 3.716608332177671795e-06 4.380010714135975972e-09 2.519243412061173380e-04 2.011602594040767087e-05 -1.763443328074829943e-08 1.097380978859655668e-07 4.657951657656787010e-07 -1.559838295791389003e-06 5.973504534168135190e-07
-2.171872162852144555e-05 7.511272149665986708e-07 3.465785765835787752e-05 5.174894078424340115e-07 1.840781885956231646e-06 -1.747419146492721380e-07 -1.521601806391709083e-08 -1.313785153624924868e-08 4.380010714135975972e-09 3.929051638636432929e-06 2.711122703573980923e-04 -6.509204231632352013e-05 -2.574921302222247224e-09 -1.644792919406277554e-08 1.422695604209532806e-07 3.157382754112112386e-07 -6.027411914010076204e-07
6.392823685404715357e-03 5.227115964245447654e-04 -1.401204722217210819e-01 2.623349433156609077e-04 4.936325022221133224e-04 -1.496147958932605114e-04 2.758149365723104208e-05 -4.195959199490217152e-05 2.519243412061173380e-04 2.711122703573980923e-04 8.308991001363153828e+00 1.315399361651710675e-01 1.189757086964016988e-04 -7.278004375789761911e-05 2.994759686778116848e-05 -1.000947136901221584e-04 -1.185199925297669466e-04
-1.424189356869274333e-03 -1.349222486576705108e-04 -1.373356457266002029e-01 -3.629539927048267131e-04 1.850964252579045651e-04 -7.124260803252606834e-05 8.915501910124387088e-05 -4.142016769620320997e-05 2.011602594040767087e-05 -6.509204231632352013e-05 1.315399361651710675e-01 8.348727796026706116e+00 -1.622010058194858447e-04 -3.070464973084232295e-04 -9.873056047222910487e-05 -2.123775618882482535e-04 -6.006842366290315519e-05
8.685634090818855656e-06 -1.101286414313538561e-06 -2.417488246016048705e-04 -1.763499029476423588e-07 6.520190279259891785e-07 -7.380378327714455075e-07 3.599907304379396818e-07 7.983491507639438713e-08 -1.763443328074829943e-08 -2.574921302222247224e-09 1.189757086964016988e-04 -1.622010058194858447e-04 2.318074854318687860e-05 8.736689501282932152e-07 5.482519926275591160e-07 2.249971278986973219e-07 -4.694052291414568551e-07
2.740989299159044763e-05 -3.870302155375068865e-09 8.137750460700293904e-04 -3.771281925214532773e-07 -6.146344805702366210e-06 5.909430339756348497e-07 -1.722813363934010025e-06 4.923158916785149758e-07 1.097380978859655668e-07 -1.644792919406277554e-08 -7.278004375789761911e-05 -3.070464973084232295e-04 8.736689501282932152e-07 2.077609697629257201e-05 1.883631941269664148e-06 1.800339852682680900e-06 8.368740679535518252e-07
1.882390163466685982e-05 2.798424169257220688e-06 1.500361118037065985e-03 3.317411722208546239e-07 -8.575823342824599583e-06 3.186621026129705042e-07 6.107528553352821300e-07 -1.740181656349104875e-06 4.657951657656787010e-07 1.422695604209532806e-07 2.994759686778116848e-05 -9.873056047222910487e-05 5.482519926275591160e-07 1.883631941269664148e-06 1.706812537671796953e-05 3.090363224525622578e-06 2.947011976233467841e-06
-1.545404898497873005e-05 2.407993988538648863e-06 5.119051857276099397e-04 2.344095176477703663e-07 -2.546528470328467765e-06 1.543343097095165858e-07 4.742584704942895389e-07 5.127611963042040920e-07 -1.559838295791389003e-06 3.157382754112112386e-07 -1.000947136901221584e-04 -2.123775618882482535e-04 2.249971278986973219e-07 1.800339852682680900e-06 3.090363224525622578e-06 1.444895074780577166e-05 5.094940743423908871e-06
-1.329946863549883276e-04 3.025346818688593601e-06 -6.199109913528916965e-04 -1.326125481186850547e-08 8.495901297483802550e-06 -1.788302943473590812e-07 8.307885567846175969e-08 2.207887810201102883e-07 5.973504534168135190e-07 -6.027411914010076204e-07 -1.185199925297669466e-04 -6.006842366290315519e-05 -4.694052291414568551e-07 8.368740679535518252e-07 2.947011976233467841e-06 5.094940743423908871e-06 1.561844671561520129e-05
