# As_1e9 ns H0 omegab omegam w LSST_DZ_S1 LSST_DZ_S2 LSST_DZ_S3 LSST_DZ_S4 LSST_DZ_S5 LSST_A1_1 LSST_A1_2 LSST_M1 LSST_M2 LSST_M3 LSST_M4 LSST_M5 LSST_DZ_L1 LSST_DZ_L2 LSST_DZ_L3 LSST_DZ_L4 LSST_DZ_L5 LSST_B1_1 LSST_B1_2 LSST_B1_3 LSST_B1_4 LSST_B1_5
2.749087341976101315e-02 3.175312503998163963e-03 -7.505416601077298244e-01 -5.597436769858895721e-04 3.305406523117510455e-04 6.326253859402443305e-04 -1.267197296222554151e-06 -4.527181782094894606e-06 -8.755157358107728351e-06 -1.705512627362473751e-06 1.479333127419980749e-05 3.297689170152285406e-04 8.915478758071831988e-04 -1.177711862451043315e-05 -3.212746678219167453e-05 -3.205814192206060773e-05 -2.404630026768436014e-05 4.153021609856755170e-05 -1.685747541103050401e-05 -2.328144660452783075e-05 -3.328140676691871368e-05 -3.092324089256181358e-05 -9.755893951081952796e-05 4.960586723165371454e-04 2.355074605318862061e-04 1.127135183528788523e-04 -1.487630727258778629e-04 -4.004070920086922540e-04
3.175312503998163963e-03 5.532115419124100869e-04 -9.903643668750776452e-02 -7.984101994413005728e-05 -6.755835070238732134e-06 -3.817586911990312245e-04 8.012473944352313905e-07 -8.177218223277307962e-07 -1.144941654532630145e-06 -8.914098810291491611e-07 2.196758782645112641e-06 2.427190328940185551e-04 1.020459139561935802e-04 -1.449278437820495312e-07 -3.885914626801645367e-06 -2.939854094544242100e-06 -1.894893316947183748e-06 1.253587577856789549e-05 2.003159096175630258e-08 -1.249092099624082084e-06 -3.025027294830322636e-06 -3.574615268457841587e-06 -1.197339516754494070e-05 2.193165600975049414e-04 2.487443050701970931e-04 2.760750204794041717e-04 3.408883465715618335e-04 3.851649508786149563e-04
-7.505416601077298244e-01 -9.903643668750776452e-02 2.740047772247634938e+01 2.114432654017363647e-02 -2.045797962022342931e-02 1.784003560875049160e-02 1.709948292730022060e-04 3.249025496008326862e-04 3.863485272123148287e-04 1.285051520755315334e-04 -6.721829780836589959e-04 2.294479603293123667e-03 5.702604291604089493e-02 4.475804054358760550e-04 1.165738663605765972e-03 1.167909003930029874e-03 4.980766927128168695e-04 -2.733292378337706229e-03 9.152998649615323636e-04 1.244130227851789278e-03 1.580520614961423986e-03 1.068088515783167068e-03 3.470163768252561894e-03 -7.585772836154451582e-02 -6.849558713615366834e-02 -6.639884570083913473e-02 -7.484111312167270047e-02 -7.488905576663257291e-02
-5.597436769858895721e-04 -7.984101994413005728e-05 2.114432654017363647e-02 2.525081805077850520e-05 3.687198287326951186e-06 8.386233298397939703e-05 -1.080314252528194058e-07 -9.723871799153128271e-08 2.075635330769208007e-07 1.853158880924430655e-07 -1.434939894957579425e-07 -2.760380719780724235e-05 -2.013200288958950053e-05 -9.833176520096504309e-08 2.122486993014772407e-07 3.415825423358389039e-07 4.472785124052378412e-07 -5.761004383299637801e-07 -9.624866936902206849e-07 -3.976178857968672493e-07 2.171336395800755499e-08 -7.341895645834165395e-07 7.739357101263175563e-07 -3.242518080604528836e-05 -3.716302737330019681e-05 -4.320747899862952625e-05 -5.550740446540057316e-05 -6.113135395054216943e-05
3.305406523117510455e-04 -6.755835070238732134e-06 -2.045797962022342931e-02 3.687198287326951186e-06 1.000491505556353182e-04 3.014584309553586922e-04 -1.322116720382307364e-06 -1.600242946365903285e-06 -6.206277775909936301e-07 1.656982174532497642e-07 1.941854943944747646e-06 -1.717531141789248263e-04 -4.199716136902335536e-04 -2.271341570397634521e-06 -3.432272743864422600e-06 -3.185669219564212554e-06 -1.146505655687891843e-07 6.633304035790478257e-06 -7.583653187057933278e-06 -6.431053836550395203e-06 -5.884495461495855308e-06 -4.435961541921156486e-06 -7.122002108369608099e-06 1.685668369520132133e-04 1.157626611474715892e-04 8.315775421639772706e-05 7.284554616628084636e-05 4.349728621138795751e-05
6.326253859402443305e-04 -3.817586911990312245e-04 1.784003560875049160e-02 8.386233298397939703e-05 3.014584309553586922e-04 2.391404597524058630e-03 -4.588609902041633490e-06 -5.124325716996540098e-06 1.180652447589173840e-06 3.994152699608633259e-06 7.490198758325979602e-06 -7.622072259463278255e-04 -1.363824070712466941e-03 -9.565513656764345303e-06 -1.177697595968757455e-05 -3.669327472773880942e-06 7.964266360165068163e-06 2.509934941986262025e-05 -3.885203906567023406e-05 -2.479222804881465732e-05 -1.679275313210287998e-05 -1.074423578055993808e-05 -1.001570248840900787e-05 -3.061148045681927939e-04 -5.610001305617514896e-04 -7.499607493218669613e-04 -1.062511294477758508e-03 -1.363369145152740431e-03
-1.267197296222554151e-06 8.012473944352313905e-07 1.709948292730022060e-04 -1.080314252528194058e-07 -1.322116720382307364e-06 -4.588609902041633490e-06 3.558161976937585224e-06 4.383475176010890930e-07 4.685565735256740512e-08 -6.897051436672472761e-08 -7.691385323553278984e-08 8.931426377881353893e-06 -1.880491860186742884e-04 -6.438339005293224572e-07 3.995217092912167819e-07 2.732200698144182013e-07 8.118947646504666395e-08 -3.679590194056118604e-08 3.705891298879544874e-07 3.689171918454343036e-07 1.697963013296101400e-07 2.116044425477370933e-07 1.041781908648172602e-08 -1.579310503968414195e-06 -1.086418310163980093e-06 -3.024943443594406406e-07 2.341210074079640303e-07 6.128402081603961580e-08
-4.527181782094894606e-06 -8.177218223277307962e-07 3.249025496008326862e-04 -9.723871799153128271e-08 -1.600242946365903285e-06 -5.124325716996540098e-06 4.383475176010890930e-07 2.842461935925185271e-06 2.495434947086283644e-07 6.731011121635919159e-08 -1.310705335306864665e-07 8.829833591596709431e-06 4.023213304778780404e-05 2.481260385754284579e-07 -1.366258854231015086e-06 5.482179006465971327e-07 4.284361089825939071e-07 -8.757556605697663746e-09 7.174065037618599563e-07 8.024471534680172401e-07 3.833041611587228081e-07 8.598671780781915338e-08 1.323277531940780613e-07 -1.602286159765811566e-06 -1.537561678211963441e-06 -2.871187113928579647e-06 -2.831436947835718272e-06 -2.221793566605154441e-06
-8.755157358107728351e-06 -1.144941654532630145e-06 3.863485272123148287e-04 2.075635330769208007e-07 -6.206277775909936301e-07 1.180652447589173840e-06 4.685565735256740512e-08 2.495434947086283644e-07 3.157736687514627630e-06 2.350276167005685780e-07 8.382652215968179092e-08 5.541909917333398642e-06 6.429663573811794696e-05 1.132128111841998465e-07 2.491332845406808331e-07 -1.506281808296697595e-06 6.105824554670268791e-07 5.053201117898440952e-07 2.322847317071281402e-07 4.618156728296867305e-07 7.224044553792166745e-07 4.233473022202239168e-08 3.779146170664856739e-07 -4.258082104613286508e-07 -1.303792714692188709e-06 -8.711402411951754275e-07 -2.738444476087287049e-06 -1.517120664409625393e-06
-1.705512627362473751e-06 -8.914098810291491611e-07 1.285051520755315334e-04 1.853158880924430655e-07 1.656982174532497642e-07 3.994152699608633259e-06 -6.897051436672472761e-08 6.731011121635919159e-08 2.350276167005685780e-07 3.291500860775303553e-06 1.075108387240986189e-07 2.499411970159748466e-06 6.322226456381243903e-05 -2.106948615271313278e-08 2.020003741498652373e-07 4.322364632411778008e-07 -1.377645398960273933e-06 7.770868251783587773e-07 1.382480755214553089e-07 3.245521637590382967e-08 3.588349732837989495e-07 8.614511523292643361e-07 1.482291302435872651e-07 1.781436276520714338e-07 -3.867204440029330440e-07 -1.125144131586776997e-07 3.377721913046681095e-07 -2.124118181917615684e-06
1.479333127419980749e-05 2.196758782645112641e-06 -6.721829780836589959e-04 -1.434939894957579425e-07 1.941854943944747646e-06 7.490198758325979602e-06 -7.691385323553278984e-08 -1.310705335306864665e-07 8.382652215968180415e-08 1.075108387240986322e-07 3.937014561633892719e-06 -6.102130839859426040e-06 -4.067960575576576684e-05 -4.102840641761698070e-08 -4.103966447751253536e-08 1.166941639312290495e-07 2.926966694737653871e-07 -4.547516707038771681e-07 -2.365255087761271560e-07 -1.097809147853786908e-07 -4.781022262833416938e-08 1.066443792752835343e-07 4.968062567673277664e-07 4.269536867529633143e-06 4.178728909065664592e-06 3.318912652783063586e-06 3.922752143673673773e-06 3.555237923201745772e-06
3.297689170152285406e-04 2.427190328940185551e-04 2.294479603293123667e-03 -2.760380719780724235e-05 -1.717531141789248263e-04 -7.622072259463278255e-04 8.931426377881353893e-06 8.829833591596709431e-06 5.541909917333398642e-06 2.499411970159748466e-06 -6.102130839859426040e-06 1.295874723119223382e-03 5.271772321444320036e-03 2.815657960978467010e-06 7.774729473961643862e-07 -4.985490726516592884e-07 -4.940885624452033468e-06 -7.808774481745248133e-06 -1.146989444614209157e-07 -1.559320835847064421e-06 -6.812231757287425042e-06 -1.523568301146399361e-05 5.207051036882841612e-06 -1.594113062053731866e-04 -4.264614447611847178e-05 4.343635080703077238e-05 8.686419395450355424e-05 2.343005368194701183e-04
8.915478758071831988e-04 1.020459139561935802e-04 5.702604291604089493e-02 -2.013200288958950053e-05 -4.199716136902335536e-04 -1.363824070712466941e-03 -1.880491860186742884e-04 4.023213304778780404e-05 6.429663573811794696e-05 6.322226456381243903e-05 -4.067960575576576684e-05 5.271772321444320036e-03 1.005898649566351749e-01 -6.014477931273614112e-05 5.587702782148715289e-05 5.385275926700386860e-05 1.393520471755992188e-05 -1.077564035477709812e-04 2.220592016917615819e-04 -3.756037239408788052e-06 -2.246614097160387817e-05 -1.270204840273511725e-04 5.147194544531257009e-05 -6.398717122537602841e-04 -1.255320127733373014e-03 -1.057812318772927964e-03 -1.386151121278701671e-03 -6.843519338621784857e-04
-1.177711862451043315e-05 -1.449278437820495312e-07 4.475804054358760550e-04 -9.833176520096504309e-08 -2.271341570397634521e-06 -9.565513656764345303e-06 -6.438339005293224572e-07 2.481260385754284579e-07 1.132128111841998465e-07 -2.106948615271313278e-08 -4.102840641761698070e-08 2.815657960978467010e-06 -6.014477931273614112e-05 2.373557022966679166e-05 4.971274577566879287e-07 4.429808049261118556e-07 2.152844606707870019e-07 -7.376901088616748429e-08 1.827168218785937060e-07 6.392310458657122665e-07 2.500194108257814617e-07 1.478832158458774757e-07 2.029355338423052708e-07 -4.851666265152973711e-06 -8.362269839944116827e-07 -6.475637825242734821e-09 6.644399465904071654e-07 1.080275556382555345e-06
-3.212746678219167453e-05 -3.885914626801645367e-06 1.165738663605765972e-03 2.122486993014772142e-07 -3.432272743864422600e-06 -1.177697595968757455e-05 3.995217092912167819e-07 -1.366258854231015086e-06 2.491332845406808331e-07 2.020003741498652373e-07 -4.103966447751253536e-08 7.774729473961643862e-07 5.587702782148715289e-05 4.971274577566879287e-07 2.078115557530166112e-05 1.519514595847120322e-06 1.309001692489596987e-06 7.149227157996085790e-07 1.404806640727499689e-06 2.865355274876714344e-07 7.522706593161733189e-07 4.724363437823090251e-07 4.594381368679057496e-07 -3.111717145104265984e-06 -6.113244399243814188e-06 -2.450042758880275748e-06 -2.261487302875547216e-06 -1.560892386164937295e-06
-3.205814192206060773e-05 -2.939854094544242100e-06 1.167909003930029874e-03 3.415825423358389039e-07 -3.185669219564212554e-06 -3.669327472773880942e-06 2.732200698144182013e-07 5.482179006465971327e-07 -1.506281808296697595e-06 4.322364632411778008e-07 1.166941639312290760e-07 -4.985490726516592884e-07 5.385275926700386860e-05 4.429808049261118556e-07 1.519514595847120322e-06 1.673266542293873362e-05 3.010478739814634652e-06 3.162826832828681081e-06 5.215327374411327086e-07 6.986421383958844997e-07 3.155733890984696161e-07 5.901768718093267858e-07 3.012716514218964212e-07 -2.364509128326473658e-06 -1.542653978137218058e-06 -2.494338923676460673e-06 -1.154219078238754089e-06 -1.413740133413649292e-06
-2.404630026768436014e-05 -1.894893316947183748e-06 4.980766927128168695e-04 4.472785124052378412e-07 -1.146505655687891843e-07 7.964266360165068163e-06 8.118947646504666395e-08 4.284361089825939071e-07 6.105824554670268791e-07 -1.377645398960273933e-06 2.926966694737653871e-07 -4.940885624452033468e-06 1.393520471755992696e-05 2.152844606707870019e-07 1.309001692489596987e-06 3.010478739814634652e-06 1.507019264541578692e-05 5.024965990230883224e-06 -2.216622564391876870e-07 -9.269027722458010586e-09 2.151399405535295991e-07 -2.949768140717730673e-07 1.841591864700938240e-07 6.286556885095310969e-06 5.454938164763791650e-06 3.726458877871557126e-06 2.207666979349403018e-06 2.454424332780824109e-06
4.153021609856755170e-05 1.253587577856789549e-05 -2.733292378337706229e-03 -5.761004383299637801e-07 6.633304035790478257e-06 2.509934941986262025e-05 -3.679590194056118604e-08 -8.757556605697663746e-09 5.053201117898440952e-07 7.770868251783587773e-07 -4.547516707038771681e-07 -7.808774481745248133e-06 -1.077564035477709812e-04 -7.376901088616748429e-08 7.149227157996087907e-07 3.162826832828681081e-06 5.024965990230883224e-06 1.527610468600129639e-05 -1.814067038349137233e-06 -1.371209207364188741e-06 -1.077510308242508045e-06 -8.159043377385097656e-07 -8.346436114306593281e-07 2.783079919348657928e-05 2.655586214310592542e-05 2.397209159721932511e-05 2.631478142275594872e-05 2.542538918412022813e-05
-1.685747541103051078e-05 2.003159096175465815e-08 9.152998649615326889e-04 -9.624866936902204731e-07 -7.583653187057934972e-06 -3.885203906567022051e-05 3.705891298879543815e-07 7.174065037618600622e-07 2.322847317071282196e-07 1.382480755214552295e-07 -2.365255087761271825e-07 -1.146989444614216701e-07 2.220592016917614735e-04 1.827168218785936795e-07 1.404806640727499689e-06 5.215327374411327086e-07 -2.216622564391876870e-07 -1.814067038349137233e-06 6.845142935670431986e-06 1.138014036153108445e-06 1.541728205959260712e-06 9.577930351004451906e-07 7.657215084611353455e-07 6.929451854740854346e-06 -9.315553898306647591e-06 -4.504240458253482251e-06 -5.838820690271564841e-08 3.399472127538067541e-06
-2.328144660452783075e-05 -1.249092099624082084e-06 1.244130227851789278e-03 -3.976178857968672493e-07 -6.431053836550395203e-06 -2.479222804881465732e-05 3.689171918454343036e-07 8.024471534680172401e-07 4.618156728296867305e-07 3.245521637590382967e-08 -1.097809147853786908e-07 -1.559320835847063997e-06 -3.756037239408786781e-06 6.392310458657122665e-07 2.865355274876714344e-07 6.986421383958844997e-07 -9.269027722458007277e-09 -1.371209207364188741e-06 1.138014036153108445e-06 8.477023513481602988e-06 6.786829247347120957e-07 9.653798868605397242e-07 9.290357337173533074e-07 -3.247906901046002577e-06 1.084930084877873768e-05 -7.035432387274018835e-06 -5.052137948775204866e-06 -1.895633222959100623e-06
-3.328140676691871368e-05 -3.025027294830322636e-06 1.580520614961423986e-03 2.171336395800755499e-08 -5.884495461495855308e-06 -1.679275313210287998e-05 1.697963013296101400e-07 3.833041611587228081e-07 7.224044553792166745e-07 3.588349732837990025e-07 -4.781022262833416938e-08 -6.812231757287425042e-06 -2.246614097160387817e-05 2.500194108257814617e-07 7.522706593161733189e-07 3.155733890984696161e-07 2.151399405535295991e-07 -1.077510308242508045e-06 1.541728205959260712e-06 6.786829247347120957e-07 9.589843531774828160e-06 9.756005721123239651e-07 1.206728138847796576e-06 -4.638972079613268807e-06 -5.558661352886625194e-06 7.562168671228547020e-06 -6.159514942826541795e-06 -6.116680496702386615e-06
-3.092324089256180680e-05 -3.574615268457837352e-06 1.068088515783167285e-03 -7.341895645834160101e-07 -4.435961541921157333e-06 -1.074423578055993977e-05 2.116044425477371198e-07 8.598671780781916661e-08 4.233473022202243139e-08 8.614511523292645479e-07 1.066443792752835343e-07 -1.523568301146398853e-05 -1.270204840273511996e-04 1.478832158458773963e-07 4.724363437823090251e-07 5.901768718093269975e-07 -2.949768140717731203e-07 -8.159043377385097656e-07 9.577930351004451906e-07 9.653798868605397242e-07 9.756005721123239651e-07 1.401084192189226587e-05 5.868497676710383928e-07 -5.147666139944664460e-06 -1.992048490602849524e-06 -4.423232581420682919e-06 1.530659098144293673e-05 -4.764946437329093159e-06
-9.755893951081952796e-05 -1.197339516754494070e-05 3.470163768252561894e-03 7.739357101263175563e-07 -7.122002108369608099e-06 -1.001570248840900787e-05 1.041781908648172602e-08 1.323277531940780613e-07 3.779146170664856739e-07 1.482291302435872651e-07 4.968062567673276605e-07 5.207051036882841612e-06 5.147194544531255654e-05 2.029355338423052708e-07 4.594381368679057496e-07 3.012716514218964212e-07 1.841591864700938240e-07 -8.346436114306593281e-07 7.657215084611353455e-07 9.290357337173533074e-07 1.206728138847796576e-06 5.868497676710383928e-07 1.555233497309340473e-05 -1.737697999499155358e-05 -1.250063016368153335e-05 -7.982642068745976995e-06 -1.353065613683250127e-05 9.591574719777528049e-06
4.960586723165371454e-04 2.193165600975049414e-04 -7.585772836154451582e-02 -3.242518080604528836e-05 1.685668369520132133e-04 -3.061148045681927939e-04 -1.579310503968414195e-06 -1.602286159765811566e-06 -4.258082104613286508e-07 1.781436276520714338e-07 4.269536867529633143e-06 -1.594113062053731866e-04 -6.398717122537602841e-04 -4.851666265152973711e-06 -3.111717145104265984e-06 -2.364509128326473658e-06 6.286556885095310969e-06 2.783079919348657928e-05 6.929451854740854346e-06 -3.247906901046002577e-06 -4.638972079613267960e-06 -5.147666139944664460e-06 -1.737697999499155358e-05 1.086834878609612646e-03 7.433865506619495925e-04 7.606151567963943035e-04 9.435774155817186915e-04 1.014599737179255065e-03
2.355074605318861790e-04 2.487443050701970389e-04 -6.849558713615368222e-02 -3.716302737330020358e-05 1.157626611474716027e-04 -5.610001305617514896e-04 -1.086418310163981152e-06 -1.537561678211964076e-06 -1.303792714692188285e-06 -3.867204440029327264e-07 4.178728909065667980e-06 -4.264614447611845145e-05 -1.255320127733372364e-03 -8.362269839944121062e-07 -6.113244399243814188e-06 -1.542653978137218905e-06 5.454938164763791650e-06 2.655586214310592542e-05 -9.315553898306647591e-06 1.084930084877873768e-05 -5.558661352886625194e-06 -1.992048490602849524e-06 -1.250063016368153335e-05 7.433865506619495925e-04 1.079778129344816529e-03 8.019260550722742209e-04 1.008764170271156868e-03 1.121139438087025587e-03
1.127135183528788523e-04 2.760750204794041717e-04 -6.639884570083913473e-02 -4.320747899862952625e-05 8.315775421639772706e-05 -7.499607493218669613e-04 -3.024943443594406406e-07 -2.871187113928579647e-06 -8.711402411951754275e-07 -1.125144131586776997e-07 3.318912652783063586e-06 4.343635080703077238e-05 -1.057812318772927964e-03 -6.475637825242659548e-09 -2.450042758880275748e-06 -2.494338923676460673e-06 3.726458877871557126e-06 2.397209159721932511e-05 -4.504240458253482251e-06 -7.035432387274018835e-06 7.562168671228547020e-06 -4.423232581420682919e-06 -7.982642068745976995e-06 7.606151567963943035e-04 8.019260550722742209e-04 1.142936850173066274e-03 1.075838598212528743e-03 1.209905321398824490e-03
-1.487630727258778629e-04 3.408883465715618335e-04 -7.484111312167270047e-02 -5.550740446540057316e-05 7.284554616628084636e-05 -1.062511294477758508e-03 2.341210074079640303e-07 -2.831436947835718272e-06 -2.738444476087287049e-06 3.377721913046681095e-07 3.922752143673673773e-06 8.686419395450355424e-05 -1.386151121278701671e-03 6.644399465904071654e-07 -2.261487302875547216e-06 -1.154219078238754089e-06 2.207666979349403018e-06 2.631478142275594872e-05 -5.838820690271564841e-08 -5.052137948775205713e-06 -6.159514942826541795e-06 1.530659098144293673e-05 -1.353065613683250127e-05 9.435774155817186915e-04 1.008764170271156868e-03 1.075838598212528743e-03 1.591863662555483136e-03 1.554530829526108758e-03
-4.004070920086922540e-04 3.851649508786150105e-04 -7.488905576663254515e-02 -6.113135395054219653e-05 4.349728621138797106e-05 -1.363369145152740864e-03 6.128402081604078047e-08 -2.221793566605154017e-06 -1.517120664409624123e-06 -2.124118181917615684e-06 3.555237923201745772e-06 2.343005368194701183e-04 -6.843519338621784857e-04 1.080275556382555981e-06 -1.560892386164937719e-06 -1.413740133413649504e-06 2.454424332780824109e-06 2.542538918412022813e-05 3.399472127538067541e-06 -1.895633222959100623e-06 -6.116680496702386615e-06 -4.764946437329093159e-06 9.591574719777526354e-06 1.014599737179255065e-03 1.121139438087025587e-03 1.209905321398824490e-03 1.554530829526108758e-03 1.986365807569136048e-03
