# As_1e9 ns H0 omegab omegam w LSST_DZ_S1 LSST_DZ_S2 LSST_DZ_S3 LSST_DZ_S4 LSST_DZ_S5 LSST_A1_1 LSST_A1_2 LSST_M1 LSST_M2 LSST_M3 LSST_M4 LSST_M5 LSST_DZ_L1 LSST_DZ_L2 LSST_DZ_L3 LSST_DZ_L4 LSST_DZ_L5 LSST_B1_1 LSST_B1_2 LSST_B1_3 LSST_B1_4 LSST_B1_5
3.302150032317988093e-02 4.071115596504348670e-03 -9.525093522015006808e-01 -7.254508975446642303e-04 3.571530380609598478e-04 8.824255809562586543e-05 -1.052166553811294393e-05 -1.171555400227454870e-05 -3.014458212154191053e-06 -6.384764455642098162e-07 2.225048252612011623e-05 6.758609692163907627e-04 1.994259720296803935e-03 -6.993694705124555573e-06 -4.134338173487349556e-05 -3.428301532652007244e-05 -1.866817150980578258e-05 7.467805106761291262e-05 -2.161982450557807409e-05 -4.047875596795575672e-05 -4.673672899380563648e-05 -3.314946090658608101e-05 -6.661908583293032929e-05 9.285567920570240042e-04 7.754442259169434890e-04 6.268271993540192348e-04 5.129648489067646297e-04 3.710870429612307978e-04
4.071115596504348670e-03 6.823239871214762265e-04 -1.332445217877319954e-01 -1.054211447041596849e-04 1.144852554232757841e-05 -4.332012379078732265e-04 -1.314067135523843420e-08 -1.994703467188090566e-06 -6.620885818785075888e-07 -9.094212256525931957e-07 2.136818425709025707e-06 2.694911417943262927e-04 2.407574451704374858e-04 -3.586536242064620335e-08 -5.480938444586993432e-06 -4.687241040676185975e-06 -2.502742340924411572e-06 1.553193168435932202e-05 -7.203098540529742569e-07 -3.514669536814344275e-06 -5.859113338974384608e-06 -2.531121488817242607e-06 -1.021479435937111688e-05 3.022215759925882934e-04 3.440057929883851722e-04 3.568964398110531294e-04 4.404088908588050621e-04 4.959455491048208806e-04
-9.525093522015006808e-01 -1.332445217877319954e-01 3.511207556394551688e+01 2.746537697065463621e-02 -2.027833683119326796e-02 4.499356292953032160e-02 3.539140334640776325e-04 4.334950080311863888e-04 9.948971072723778689e-05 -8.866456416885888065e-06 -7.748181293693322301e-04 -1.247589991112251807e-02 1.309721857982026720e-02 3.289271511891935060e-04 1.473885118525574203e-03 1.375685678042427949e-03 5.414964375795328641e-04 -3.456784856430851656e-03 7.140766065006281605e-04 1.436428852711885053e-03 1.884564110584291538e-03 1.102572551377419864e-03 2.666630627797315564e-03 -9.067847692309548291e-02 -8.773524998694200161e-02 -8.471835362679083770e-02 -9.796833295822716947e-02 -1.031561851414049269e-01
-7.254508975446642303e-04 -1.054211447041596849e-04 2.746537697065463621e-02 3.046590922621345081e-05 3.462920532390122054e-06 1.068647215120696527e-04 1.854374274229566198e-07 -4.455557383643140177e-08 -8.650880336034504495e-08 1.164516413871738476e-07 -1.944695342939151361e-07 -3.749474149235049511e-05 -6.288179127333077645e-05 -3.882328526305797645e-07 5.654375280671623995e-07 7.733996459190743298e-07 7.350995424094709643e-07 -5.043843782124410182e-07 -1.149474250587110452e-06 -5.077700916966172195e-07 1.102554507927385272e-07 -6.442568850958996967e-07 1.375090981476716997e-07 -4.358665609636927648e-05 -5.238451137062433784e-05 -5.581930222480355539e-05 -7.191606915314818099e-05 -8.151690936973272417e-05
3.571530380609598478e-04 1.144852554232757841e-05 -2.027833683119326796e-02 3.462920532390122054e-06 9.164271014025408368e-05 2.746527117410547231e-04 -8.870538943068695376e-07 -1.471115963379125780e-06 -4.831728356136975174e-07 5.758057109789944548e-07 2.038588672242976740e-06 -1.495974750480686018e-04 -3.820386159897625790e-04 -2.377554809168144278e-06 -2.981023285149167584e-06 -2.322035403010040047e-06 4.655338727780175270e-07 8.070825105137026842e-06 -6.785767314239557982e-06 -6.363833070002827246e-06 -5.571407818294482774e-06 -5.182719537833319045e-06 -6.297539770512841506e-06 1.641602751091493831e-04 1.128767902531889450e-04 8.992606017323823793e-05 7.844269808444381278e-05 5.686448695973690741e-05
8.824255809562586543e-05 -4.332012379078732265e-04 4.499356292953032160e-02 1.068647215120696527e-04 2.746527117410547231e-04 2.438185916047294274e-03 -4.146535660741266694e-06 -5.393745719408331776e-06 5.392886509202157933e-08 4.551895309483113943e-06 9.886672003836583010e-06 -7.404745818876559780e-04 -1.341446880950977576e-03 -9.851687425035122715e-06 -8.902921935336594351e-06 2.537998611935318589e-06 1.293692495233086087e-05 3.304542831549660178e-05 -3.909886589437095247e-05 -2.728833393622711364e-05 -1.429214365486379159e-05 -1.775907303742879038e-05 -6.767272096060985512e-06 -3.768815606543274603e-04 -6.518615083943503797e-04 -7.949600421660439229e-04 -1.140477024694422055e-03 -1.425096011222938205e-03
-1.052166553811294393e-05 -1.314067135523843420e-08 3.539140334640776325e-04 1.854374274229566198e-07 -8.870538943068695376e-07 -4.146535660741266694e-06 3.426120353186029333e-06 4.130764398010301017e-07 -3.313673590334865936e-10 -7.198354098100984608e-08 2.194932288620113406e-08 8.362568284436771614e-06 -1.870959918437937520e-04 -6.126340444640506059e-07 3.854528876355386052e-07 2.486701127367007635e-07 3.039922079897695361e-08 -3.040163241153550858e-08 2.497088956382332832e-07 3.063981395118520737e-07 1.402720294562604642e-07 1.424073492009105585e-07 -6.053128011347361360e-08 -2.212828691844796581e-07 3.982483464544936777e-07 1.075938805479087332e-06 2.286013851654469496e-06 1.958159916165480611e-06
-1.171555400227454870e-05 -1.994703467188090566e-06 4.334950080311863888e-04 -4.455557383643140177e-08 -1.471115963379125780e-06 -5.393745719408331776e-06 4.130764398010301017e-07 2.797593223928793005e-06 2.573719644218548714e-07 1.058464378526568926e-07 -3.226036641915842614e-08 7.628767733056109442e-06 3.258274973828562246e-05 2.097001603275863691e-07 -1.353598322408759147e-06 5.179179779800012797e-07 4.031166133165486216e-07 -1.050839056355891079e-07 7.180945960969871147e-07 7.953330696074539440e-07 3.671286892962898369e-07 7.347469389607745116e-08 2.456584563870212137e-07 -1.487356958046964247e-06 -9.405101084038781905e-07 -2.573339124311388831e-06 -2.646706914339811291e-06 -1.435588051229748611e-06
-3.014458212154191053e-06 -6.620885818785075888e-07 9.948971072723778689e-05 -8.650880336034504495e-08 -4.831728356136975174e-07 5.392886509202157933e-08 -3.313673590334865936e-10 2.573719644218548714e-07 3.130472379261810049e-06 2.626945848626582539e-07 4.856982593150118169e-08 4.767819942690256501e-06 7.037373000366104804e-05 9.424279114949537450e-08 2.240048129090074688e-07 -1.473717178578480328e-06 5.913383140586883967e-07 4.942516479825304926e-07 2.353474470411138443e-07 4.307850808172390942e-07 7.783626838614270889e-07 1.018115534336926929e-07 3.166034798511510990e-07 -1.760268905098793846e-09 -1.100259060218204381e-06 -3.338051684029991031e-07 -9.338304210424239463e-07 -9.695657551101074797e-07
-6.384764455642098162e-07 -9.094212256525931957e-07 -8.866456416885888065e-06 1.164516413871738476e-07 5.758057109789944548e-07 4.551895309483113943e-06 -7.198354098100984608e-08 1.058464378526568926e-07 2.626945848626582539e-07 3.272429072523939645e-06 1.284931280675543441e-07 1.018644134016814539e-06 6.381253321243273552e-05 -4.330292257838211695e-08 1.494009608764995189e-07 4.426963552592474828e-07 -1.314328106577873143e-06 8.494123116519667117e-07 9.793397225909508303e-08 4.766400633080741667e-09 2.412587974208588628e-07 8.583188286314596832e-07 5.802691199196721513e-08 1.099548594727937472e-06 9.046415096232240793e-07 8.981932102660238150e-09 1.131361671540729383e-06 -1.176812657757751616e-06
2.225048252612011623e-05 2.136818425709025707e-06 -7.748181293693322301e-04 -1.944695342939151361e-07 2.038588672242976317e-06 9.886672003836583010e-06 2.194932288620113406e-08 -3.226036641915841952e-08 4.856982593150117507e-08 1.284931280675543441e-07 3.984801323273579130e-06 -6.575691088215277935e-06 -4.290532916804684068e-05 -8.496579367847176101e-08 -4.525724166656819735e-08 1.371987993271897647e-07 3.231369823222280401e-07 -4.250667883483958503e-07 -1.891597320845044951e-07 -5.007675839966316685e-08 3.044941560791314427e-09 -3.086302230311922064e-08 3.501121471759351050e-07 3.865562352408080683e-06 2.960717568244897630e-06 9.711134342342346080e-07 1.524767359962852490e-06 3.721519797168456151e-10
6.758609692163907627e-04 2.694911417943262927e-04 -1.247589991112251807e-02 -3.749474149235049511e-05 -1.495974750480686018e-04 -7.404745818876559780e-04 8.362568284436771614e-06 7.628767733056109442e-06 4.767819942690256501e-06 1.018644134016814539e-06 -6.575691088215277935e-06 1.242676662687696885e-03 5.109325888975817069e-03 3.391096260404060561e-06 -6.703137821809917563e-07 -2.357558290854689900e-06 -5.429198752787655266e-06 -9.297048995205075200e-06 -8.454332631843988065e-07 -1.978990382748260936e-06 -7.913125302900317438e-06 -1.253632135169617362e-05 3.478074883532072898e-06 -1.185835190307652930e-04 4.488112190445014834e-06 6.783041674587887411e-05 1.347657935841968524e-04 2.559330911614111199e-04
1.994259720296803935e-03 2.407574451704374858e-04 1.309721857982026720e-02 -6.288179127333077645e-05 -3.820386159897625790e-04 -1.341446880950977576e-03 -1.870959918437937520e-04 3.258274973828562246e-05 7.037373000366104804e-05 6.381253321243273552e-05 -4.290532916804684068e-05 5.109325888975817069e-03 9.786741022540772217e-02 -6.203437829099573298e-05 4.917303260575664817e-05 4.933638157362579466e-05 2.062081267290236390e-05 -9.330659784023927260e-05 2.097938948285560899e-04 -4.296976519297905464e-06 -1.649068210984642620e-05 -1.039094857245511267e-04 6.461250465315407441e-05 -5.148730250621816069e-04 -1.014488102791679053e-03 -1.008648834494434718e-03 -1.159932286659517541e-03 -4.959744890720308580e-04
-6.993694705124556420e-06 -3.586536242064620335e-08 3.289271511891935060e-04 -3.882328526305798703e-07 -2.377554809168144278e-06 -9.851687425035122715e-06 -6.126340444640506059e-07 2.097001603275863691e-07 9.424279114949537450e-08 -4.330292257838211695e-08 -8.496579367847173454e-08 3.391096260404060561e-06 -6.203437829099573298e-05 2.385784520587431933e-05 6.379911959083223499e-07 4.450593421849989158e-07 3.188639450873980785e-07 -5.498827805800512566e-08 2.244089886425235828e-07 7.331725067647222342e-07 2.221217399716075534e-07 1.717813777368387378e-07 1.856852578564518914e-07 -5.672503610042141237e-06 -1.023387385428747853e-06 -4.591497478640434475e-07 -1.732954607610865444e-07 -2.513115133892190716e-08
-4.134338173487349556e-05 -5.480938444586993432e-06 1.473885118525574203e-03 5.654375280671623995e-07 -2.981023285149167584e-06 -8.902921935336594351e-06 3.854528876355386052e-07 -1.353598322408759147e-06 2.240048129090074688e-07 1.494009608764995189e-07 -4.525724166656819735e-08 -6.703137821809917563e-07 4.917303260575664817e-05 6.379911959083223499e-07 2.079812905236627305e-05 1.543674368946773109e-06 1.302063713483818625e-06 6.914465712463998890e-07 1.337363444829376180e-06 2.597604951187113899e-07 8.714092620608857494e-07 5.184669586949920019e-07 3.744529773823592691e-07 -3.747487224771183202e-06 -6.846113082319050418e-06 -3.048879270052926556e-06 -2.539111025198205329e-06 -2.951379233223650764e-06
-3.428301532652007244e-05 -4.687241040676185975e-06 1.375685678042427949e-03 7.733996459190743298e-07 -2.322035403010040047e-06 2.537998611935318589e-06 2.486701127367007635e-07 5.179179779800012797e-07 -1.473717178578480328e-06 4.426963552592474828e-07 1.371987993271897647e-07 -2.357558290854689900e-06 4.933638157362579466e-05 4.450593421849989158e-07 1.543674368946773109e-06 1.661679452831646542e-05 3.000237551271536781e-06 3.190014954267107379e-06 4.504374599305649504e-07 6.625407430070575818e-07 2.424356159577075105e-07 4.148093929718195994e-07 4.211465727964385460e-07 -3.084185135792114314e-06 -2.936815375997237684e-06 -5.337076596280192064e-06 -5.037676644917304116e-06 -5.118820181822897863e-06
-1.866817150980578258e-05 -2.502742340924411572e-06 5.414964375795328641e-04 7.350995424094709643e-07 4.655338727780175270e-07 1.293692495233086087e-05 3.039922079897695361e-08 4.031166133165486216e-07 5.913383140586883967e-07 -1.314328106577873143e-06 3.231369823222280401e-07 -5.429198752787655266e-06 2.062081267290236390e-05 3.188639450873980785e-07 1.302063713483818625e-06 3.000237551271536781e-06 1.516832259959884682e-05 5.114452816307959003e-06 -2.510870385447444735e-07 -2.611935798670179329e-08 2.216709451634058499e-07 -3.630017566345964209e-07 3.152426764133525830e-07 5.033732558070013545e-06 3.186138920792878340e-06 1.123791400147701664e-06 -9.973464566855424389e-07 -1.057195873563090114e-06
7.467805106761291262e-05 1.553193168435932202e-05 -3.456784856430851656e-03 -5.043843782124409123e-07 8.070825105137026842e-06 3.304542831549660178e-05 -3.040163241153550858e-08 -1.050839056355891079e-07 4.942516479825304926e-07 8.494123116519667117e-07 -4.250667883483958503e-07 -9.297048995205075200e-06 -9.330659784023927260e-05 -5.498827805800511242e-08 6.914465712463998890e-07 3.190014954267107379e-06 5.114452816307959003e-06 1.557417590181692986e-05 -1.866496937578019145e-06 -1.513345178975246167e-06 -1.244134413595556149e-06 -9.861461369096403671e-07 -7.597482422230976646e-07 2.773986282071208743e-05 2.489634135896513588e-05 2.195767860364476344e-05 2.272888085970765738e-05 2.276022649266502522e-05
-2.161982450557808086e-05 -7.203098540529735157e-07 7.140766065006283773e-04 -1.149474250587110240e-06 -6.785767314239555441e-06 -3.909886589437096602e-05 2.497088956382332832e-07 7.180945960969872206e-07 2.353474470411138178e-07 9.793397225909503009e-08 -1.891597320845046010e-07 -8.454332631843970066e-07 2.097938948285560628e-04 2.244089886425235563e-07 1.337363444829375968e-06 4.504374599305650033e-07 -2.510870385447444735e-07 -1.866496937578019145e-06 6.625042395371501705e-06 1.226763667348895911e-06 1.493109929986014816e-06 9.179506068527251266e-07 6.294949742881962350e-07 8.723785610443521185e-06 -6.174611205403079286e-06 -2.471860603969322400e-06 2.881893287270217267e-06 6.342806007362928152e-06
-4.047875596795575672e-05 -3.514669536814344275e-06 1.436428852711885053e-03 -5.077700916966172195e-07 -6.363833070002827246e-06 -2.728833393622711364e-05 3.063981395118521266e-07 7.953330696074539440e-07 4.307850808172390942e-07 4.766400633080733395e-09 -5.007675839966317347e-08 -1.978990382748260936e-06 -4.296976519297903770e-06 7.331725067647222342e-07 2.597604951187113899e-07 6.625407430070575818e-07 -2.611935798670178667e-08 -1.513345178975246167e-06 1.226763667348895911e-06 8.407226678071721829e-06 7.327022296336003668e-07 9.699428178896467678e-07 9.224594908127904417e-07 -1.593377570635012571e-06 1.226462199658466282e-05 -5.673377040868960414e-06 -2.852177389330521592e-06 1.865681835854856197e-07
-4.673672899380563648e-05 -5.859113338974384608e-06 1.884564110584291538e-03 1.102554507927385272e-07 -5.571407818294482774e-06 -1.429214365486379159e-05 1.402720294562604642e-07 3.671286892962898369e-07 7.783626838614270889e-07 2.412587974208588628e-07 3.044941560791314427e-09 -7.913125302900317438e-06 -1.649068210984642620e-05 2.221217399716075534e-07 8.714092620608857494e-07 2.424356159577075105e-07 2.216709451634058499e-07 -1.244134413595556149e-06 1.493109929986014816e-06 7.327022296336003668e-07 9.553291861924263390e-06 8.739390572231748874e-07 1.197198893916180331e-06 -5.400440351037472254e-06 -7.100057223514019770e-06 5.589081249265072656e-06 -8.148239411408623198e-06 -8.443202656545921423e-06
-3.314946090658605390e-05 -2.531121488817243031e-06 1.102572551377418780e-03 -6.442568850959004379e-07 -5.182719537833319045e-06 -1.775907303742879376e-05 1.424073492009105320e-07 7.347469389607743792e-08 1.018115534336927194e-07 8.583188286314592597e-07 -3.086302230311928020e-08 -1.253632135169617192e-05 -1.039094857245511809e-04 1.717813777368387378e-07 5.184669586949920019e-07 4.148093929718196523e-07 -3.630017566345964209e-07 -9.861461369096403671e-07 9.179506068527249149e-07 9.699428178896467678e-07 8.739390572231748874e-07 1.393452970885192365e-05 6.928006143009533079e-07 -4.283186784024656542e-06 8.625210671747024276e-07 -2.366079668856576503e-06 1.791008665634711297e-05 -1.557829256527310589e-06
-6.661908583293032929e-05 -1.021479435937111688e-05 2.666630627797315564e-03 1.375090981476716997e-07 -6.297539770512841506e-06 -6.767272096060985512e-06 -6.053128011347361360e-08 2.456584563870212137e-07 3.166034798511510990e-07 5.802691199196721513e-08 3.501121471759351050e-07 3.478074883532072898e-06 6.461250465315407441e-05 1.856852578564518914e-07 3.744529773823592691e-07 4.211465727964385460e-07 3.152426764133525830e-07 -7.597482422230976646e-07 6.294949742881962350e-07 9.224594908127904417e-07 1.197198893916180331e-06 6.928006143009533079e-07 1.505437871609752451e-05 -1.779769435624308166e-05 -1.246927465846774130e-05 -9.455608416377649404e-06 -1.554511470112781166e-05 6.127325508639201098e-06
9.285567920570240042e-04 3.022215759925882934e-04 -9.067847692309548291e-02 -4.358665609636927648e-05 1.641602751091493831e-04 -3.768815606543274603e-04 -2.212828691844796581e-07 -1.487356958046964247e-06 -1.760268905098793846e-09 1.099548594727937472e-06 3.865562352408080683e-06 -1.185835190307652930e-04 -5.148730250621816069e-04 -5.672503610042141237e-06 -3.747487224771183202e-06 -3.084185135792114314e-06 5.033732558070013545e-06 2.773986282071208743e-05 8.723785610443521185e-06 -1.593377570635012571e-06 -5.400440351037472254e-06 -4.283186784024656542e-06 -1.779769435624308166e-05 1.109698089597757056e-03 7.793265470416111187e-04 8.001545247145417511e-04 9.834936317775909605e-04 1.071055387058342636e-03
7.754442259169435974e-04 3.440057929883851722e-04 -8.773524998694201549e-02 -5.238451137062433784e-05 1.128767902531889450e-04 -6.518615083943505965e-04 3.982483464544937835e-07 -9.405101084038762847e-07 -1.100259060218202899e-06 9.046415096232245029e-07 2.960717568244898901e-06 4.488112190444978411e-06 -1.014488102791679053e-03 -1.023387385428748911e-06 -6.846113082319051265e-06 -2.936815375997238108e-06 3.186138920792878340e-06 2.489634135896513588e-05 -6.174611205403079286e-06 1.226462199658466282e-05 -7.100057223514019770e-06 8.625210671747024276e-07 -1.246927465846774130e-05 7.793265470416111187e-04 1.116926699434240850e-03 8.460132183602642837e-04 1.063085132951617235e-03 1.190830409068589909e-03
6.268271993540192348e-04 3.568964398110531294e-04 -8.471835362679083770e-02 -5.581930222480355539e-05 8.992606017323823793e-05 -7.949600421660439229e-04 1.075938805479087332e-06 -2.573339124311388831e-06 -3.338051684029991031e-07 8.981932102660238150e-09 9.711134342342343963e-07 6.783041674587887411e-05 -1.008648834494434718e-03 -4.591497478640434475e-07 -3.048879270052926556e-06 -5.337076596280192064e-06 1.123791400147701664e-06 2.195767860364476344e-05 -2.471860603969322400e-06 -5.673377040868960414e-06 5.589081249265072656e-06 -2.366079668856576503e-06 -9.455608416377649404e-06 8.001545247145417511e-04 8.460132183602642837e-04 1.171218139378702285e-03 1.122877599579177529e-03 1.259133885712413522e-03
5.129648489067646297e-04 4.404088908588050621e-04 -9.796833295822716947e-02 -7.191606915314818099e-05 7.844269808444381278e-05 -1.140477024694422055e-03 2.286013851654469496e-06 -2.646706914339811291e-06 -9.338304210424239463e-07 1.131361671540729383e-06 1.524767359962852490e-06 1.347657935841968524e-04 -1.159932286659517541e-03 -1.732954607610865444e-07 -2.539111025198205329e-06 -5.037676644917304116e-06 -9.973464566855422272e-07 2.272888085970765738e-05 2.881893287270217267e-06 -2.852177389330521168e-06 -8.148239411408623198e-06 1.791008665634711297e-05 -1.554511470112781166e-05 9.834936317775909605e-04 1.063085132951617235e-03 1.122877599579177529e-03 1.634264420740501756e-03 1.615420025005198223e-03
3.710870429612307978e-04 4.959455491048208806e-04 -1.031561851414049685e-01 -8.151690936973273773e-05 5.686448695973688708e-05 -1.425096011222938422e-03 1.958159916165482305e-06 -1.435588051229747341e-06 -9.695657551101087503e-07 -1.176812657757751616e-06 3.721519797172119527e-10 2.559330911614112825e-04 -4.959744890720310748e-04 -2.513115133892264170e-08 -2.951379233223652034e-06 -5.118820181822897863e-06 -1.057195873563090326e-06 2.276022649266502522e-05 6.342806007362928152e-06 1.865681835854858579e-07 -8.443202656545923117e-06 -1.557829256527311013e-06 6.127325508639201098e-06 1.071055387058342636e-03 1.190830409068589909e-03 1.259133885712413522e-03 1.615420025005198223e-03 2.051727898355381555e-03
