# logA ns H0 omegabh2 omegach2 LSST_DZ_S1 LSST_DZ_S2 LSST_DZ_S3 LSST_DZ_S4 LSST_DZ_S5 LSST_A1_1 LSST_A1_2 LSST_DZ_L1 LSST_DZ_L2 LSST_DZ_L3 LSST_DZ_L4 LSST_DZ_L5 LSST_B1_1 LSST_B1_2 LSST_B1_3 LSST_B1_4 LSST_B1_5 LSST_M1 LSST_M2 LSST_M3 LSST_M4 LSST_M5
8.868703889212379426e-03 2.033932491237529835e-03 -5.369207467220495911e-01 -5.841467143261611702e-04 -1.656422959403861970e-03 -5.436598587125200602e-06 -8.806229378266999306e-06 -8.368952667079912662e-06 -9.856182680075463467e-07 6.401693460535437945e-06 1.926039958725072742e-04 -3.885098658795091420e-04 2.785396373670481972e-06 -6.853523922746091040e-06 -3.235478172972547600e-05 -2.436318930126940644e-05 -4.879775629916534394e-05 4.880150636417235192e-04 2.995500380849604682e-04 2.432647344665425507e-04 1.123460352571159911e-04 4.249880029268712604e-05 2.441284319505907161e-06 -2.763142665039440665e-05 -2.712060278141584048e-05 -8.485282117484874826e-06 3.613442377194323296e-05
2.033932491237529835e-03 5.877645838245834642e-04 -1.315612221559554484e-01 -1.354085223884300411e-04 -4.001533753836749793e-04 -1.836214603237678104e-06 -3.766886353842471922e-06 -1.510107348937644220e-06 -4.446330948812555982e-07 3.614534037741699729e-06 1.284092323789022907e-04 -8.632079872687072747e-04 -6.446425366991419586e-06 -8.205167791689973100e-06 -1.151325009659561555e-05 -8.767872281941812629e-06 -1.289571946722847066e-05 1.984768344353055763e-04 1.953618711244769308e-04 2.172727988745420827e-04 2.077896669825917146e-04 2.165537081798316423e-04 7.694503512586925448e-07 -1.003879686496537698e-05 -9.813965899403160199e-06 1.670460950168194216e-06 2.303214893191775833e-05
-5.369207467220495911e-01 -1.315612221559554484e-01 3.830778595379241125e+01 4.187105988030014048e-02 1.120063486218482035e-01 1.122332831018041193e-04 9.428370216690645182e-04 6.780662329944383681e-04 -3.943367841130536347e-05 -5.327208531764647884e-04 -5.298543616488653706e-03 1.702397430179294069e-01 1.038375589289181923e-03 2.181515048068643006e-03 3.353787968844907947e-03 2.239423792174610999e-03 3.478902950340035261e-03 -6.456439666819359380e-02 -5.702517896156891752e-02 -5.914248539020008216e-02 -5.554843617941389311e-02 -5.624655329191646097e-02 -1.659328601870354615e-04 2.426820032515963118e-03 2.401201454260495048e-03 4.323104157880976227e-04 -4.108176064588174928e-03
-5.841467143261611702e-04 -1.354085223884300411e-04 4.187105988030014048e-02 4.875098799078624170e-05 1.234885746615251468e-04 -4.291035694256029015e-08 8.276448047726077895e-07 6.845116131053236312e-07 -1.226431146024067203e-07 -4.773032082894862774e-07 -7.133201395235916285e-06 1.594038032376641990e-04 7.526420059487461613e-07 1.597198256817435454e-06 3.155672250736762012e-06 1.749924380291967064e-06 2.720664074924432243e-06 -5.071763397830203479e-05 -4.268414870863940339e-05 -4.401331054703399768e-05 -4.046408729907023937e-05 -4.109975636530975395e-05 -1.496452456929198847e-07 2.223981771729075833e-06 2.183652451561410413e-06 4.946781805217778496e-07 -3.441428325349907125e-06
-1.656422959403861970e-03 -4.001533753836749793e-04 1.120063486218482035e-01 1.234885746615251468e-04 3.349869042037215616e-04 5.594466593909473692e-07 2.279302829304368505e-06 1.751516617442888448e-06 -1.358828998337737887e-07 -1.680786037462648895e-06 -3.157080983049679462e-05 3.919467176199613431e-04 2.128361674672938790e-06 4.598925922693751256e-06 8.529447606823712568e-06 5.811439542903863389e-06 9.682056414524434188e-06 -1.511439054400628371e-04 -1.265716157049864442e-04 -1.277533802553160126e-04 -1.134817360701337519e-04 -1.101731756246595673e-04 -4.326142470222695628e-07 6.536168030270726616e-06 6.120671289493486522e-06 7.038371873104973387e-07 -1.150308643915063175e-05
-5.436598587125200602e-06 -1.836214603237678104e-06 1.122332831018041193e-04 -4.291035694256024383e-08 5.594466593909473692e-07 3.601719200675813652e-06 4.943607110248720366e-07 9.265671229658539156e-08 -1.374585172177660348e-08 8.777088996383143864e-08 9.985624391351031434e-06 -2.162880457058040233e-04 1.620370162901255022e-07 1.286479443765182520e-07 -8.052966999814968415e-08 -2.425070607013221921e-08 1.519574446654964867e-07 -1.908037335575563333e-06 7.199794503836825083e-07 1.467323771199940917e-06 1.353354300990861960e-06 9.328831252735691756e-07 -4.573046963083521140e-07 3.311502373022030485e-07 7.278662144861986021e-08 7.082182218740966593e-08 -1.188428621540794255e-07
-8.806229378266999306e-06 -3.766886353842471922e-06 9.428370216690645182e-04 8.276448047726077895e-07 2.279302829304368505e-06 4.943607110248720366e-07 3.056985546706091743e-06 2.292459259558659403e-07 1.026749840375330021e-07 -1.294678988420292910e-07 6.812672710181976890e-06 1.553185683426435201e-06 4.948624540374512245e-07 5.540262076388293873e-07 4.224029825750284215e-07 1.636677156780622145e-07 6.734071643492859758e-08 -2.905108140828925316e-06 -4.173336040631932108e-06 -6.727140151849337720e-06 -5.738015071560403866e-06 -6.045736014606273121e-06 2.387545545630857911e-07 -1.629996478648127158e-06 6.674999018838578368e-07 5.224514611961595715e-07 3.148005927522998990e-07
-8.368952667079912662e-06 -1.510107348937644220e-06 6.780662329944383681e-04 6.845116131053236312e-07 1.751516617442888448e-06 9.265671229658539156e-08 2.292459259558659403e-07 3.167418397597276897e-06 3.051235015722610339e-07 6.618442837222417814e-08 5.334892040887136864e-06 4.519410428822311202e-05 8.536089887468640884e-08 4.674573567212813995e-07 6.687622667159120108e-07 2.828261028011198906e-07 3.271513170120201660e-07 -1.866764794040289328e-07 -1.428588421561022107e-06 -5.935635711034050536e-07 -1.614847602950295866e-06 -7.800469013355817830e-07 -1.062589462410818571e-07 4.170434798969412416e-07 -1.625711160257721410e-06 6.275493462663404984e-07 6.534474070277823453e-07
-9.856182680075463467e-07 -4.446330948812555982e-07 -3.943367841130536347e-05 -1.226431146024067203e-07 -1.358828998337737887e-07 -1.374585172177660348e-08 1.026749840375330021e-07 3.051235015722610339e-07 3.531714572617039282e-06 1.680160149383931649e-07 3.111970044408888413e-06 8.883105590522211940e-05 2.949805353259112725e-07 3.452926769719861984e-07 1.760302489295669591e-07 7.947430367531672274e-07 2.732739149971769700e-07 1.471922951582719465e-06 1.379323809115474247e-06 5.092107017541798126e-07 1.643412646369350768e-06 1.426970741841240632e-06 -6.039814283366220944e-08 2.149490145715045371e-07 3.254011862675764934e-07 -1.573508270462132266e-06 5.191658067532546368e-07
6.401693460535437945e-06 3.614534037741699729e-06 -5.327208531764647884e-04 -4.773032082894862774e-07 -1.680786037462648895e-06 8.777088996383143864e-08 -1.294678988420292910e-07 6.618442837222417814e-08 1.680160149383931649e-07 3.818149039308073965e-06 -2.736794945442642877e-06 -4.087195916938623239e-05 -2.419758153057142742e-08 8.666828479664178273e-08 9.857000645865657228e-08 -9.630638024586598145e-08 1.491990442117260617e-07 2.499248794262127801e-06 3.979123679024781402e-06 4.158837589362035201e-06 4.046337560539994089e-06 3.400358236230126354e-06 -3.396649483155693386e-08 -2.217388014339840842e-08 1.326046704304839376e-07 3.637850655823653754e-07 -5.835707910584322910e-07
1.926039958725072742e-04 1.284092323789022907e-04 -5.298543616488653706e-03 -7.133201395235916285e-06 -3.157080983049679462e-05 9.985624391351031434e-06 6.812672710181976890e-06 5.334892040887136864e-06 3.111970044408888413e-06 -2.736794945442642877e-06 1.004037547046132727e-03 1.974923707334450516e-03 -1.269957045288199200e-05 -1.306773792085930875e-05 -1.588657874219588721e-05 -1.084015689059350169e-05 -7.412295487466952741e-06 -8.114673491397156888e-05 -6.126499754378809351e-05 -4.117351818004476489e-05 -2.978635824906327381e-05 4.436369674978082810e-06 3.383173841327059686e-06 -3.385087130028607801e-06 -7.326153509180543448e-06 -4.174267656361725827e-06 7.827849139616099042e-06
-3.885098658795091420e-04 -8.632079872687072747e-04 1.702397430179294069e-01 1.594038032376641990e-04 3.919467176199612889e-04 -2.162880457058040233e-04 1.553185683426435201e-06 4.519410428822311202e-05 8.883105590522211940e-05 -4.087195916938623239e-05 1.974923707334450516e-03 1.315841062411659823e-01 2.113999922621759623e-04 9.052585376766723218e-05 7.073835060244476214e-06 -1.942322230864628428e-05 -8.432836176540332894e-05 -1.152994854650056522e-03 -1.858440124209501023e-03 -2.332501198785734246e-03 -2.320239707568892782e-03 -2.516320224466456115e-03 -1.252339282246985866e-04 9.941380245158267209e-05 1.108523979032866020e-04 -4.570531182448716066e-06 -1.038593724913857412e-04
2.785396373670481972e-06 -6.446425366991419586e-06 1.038375589289181923e-03 7.526420059487461613e-07 2.128361674672938790e-06 1.620370162901255022e-07 4.948624540374512245e-07 8.536089887468640884e-08 2.949805353259112725e-07 -2.419758153057142742e-08 -1.269957045288199200e-05 2.113999922621759623e-04 9.187891155584354419e-06 4.168439367502636712e-07 9.900485717824144505e-07 5.474267099201195546e-07 1.772867838636163683e-07 7.065762454057821576e-06 -1.897475158633684926e-05 -1.876232441632280296e-05 -1.701902537804304830e-05 -1.905843829545510491e-05 -4.305322377043729646e-08 8.689811522509288385e-07 7.849271509330789080e-07 -3.028585805802736690e-07 -1.510677178083228828e-06
-6.853523922746091040e-06 -8.205167791689973100e-06 2.181515048068643006e-03 1.597198256817435242e-06 4.598925922693751256e-06 1.286479443765182255e-07 5.540262076388293873e-07 4.674573567212813995e-07 3.452926769719861984e-07 8.666828479664178273e-08 -1.306773792085930875e-05 9.052585376766723218e-05 4.168439367502636712e-07 1.035935074682323823e-05 9.750407026672108503e-07 1.256048115743075395e-06 9.522663078060352164e-07 -9.096927970047480981e-06 -2.113270668910521942e-06 -2.292201218712002492e-05 -2.502269034614335066e-05 -2.561041618983658883e-05 5.388625774970582299e-07 5.495370776362960410e-07 5.175591148862734946e-07 -2.485107181802945532e-08 -1.309849929107812154e-06
-3.235478172972547600e-05 -1.151325009659561555e-05 3.353787968844907947e-03 3.155672250736762012e-06 8.529447606823712568e-06 -8.052966999814968415e-08 4.224029825750284215e-07 6.687622667159120108e-07 1.760302489295669591e-07 9.857000645865657228e-08 -1.588657874219588721e-05 7.073835060244476214e-06 9.900485717824144505e-07 9.750407026672108503e-07 1.100641062826810562e-05 7.166393559402300565e-07 1.131779948176506854e-06 -8.115672885287363413e-06 -1.259875313929959632e-05 2.116227148845919915e-06 -1.590483237494464468e-05 -1.752264854430296047e-05 9.285682020761619719e-08 1.151074314676239846e-06 1.995714162985894183e-07 1.448801038800310884e-07 -9.285910978943372901e-07
-2.436318930126940644e-05 -8.767872281941812629e-06 2.239423792174610999e-03 1.749924380291967064e-06 5.811439542903863389e-06 -2.425070607013221259e-08 1.636677156780622145e-07 2.828261028011198906e-07 7.947430367531672274e-07 -9.630638024586598145e-08 -1.084015689059350169e-05 -1.942322230864628428e-05 5.474267099201195546e-07 1.256048115743075395e-06 7.166393559402300565e-07 1.364483952271317316e-05 9.432420831905112690e-07 -6.147005206338484753e-06 -4.049136051681493409e-06 -9.830880711161282896e-06 9.333974928292424167e-06 -1.273034448232452554e-05 1.468511320255053779e-07 4.793285527220084818e-07 7.948085870096847804e-07 -1.693108631258547816e-07 -1.050350989284254642e-06
-4.879775629916534394e-05 -1.289571946722847066e-05 3.478902950340035261e-03 2.720664074924432667e-06 9.682056414524434188e-06 1.519574446654964867e-07 6.734071643492861081e-08 3.271513170120201660e-07 2.732739149971769700e-07 1.491990442117260617e-07 -7.412295487466952741e-06 -8.432836176540332894e-05 1.772867838636163948e-07 9.522663078060352164e-07 1.131779948176506854e-06 9.432420831905113748e-07 1.733514497517058019e-05 -1.098426890360198671e-05 -9.729326433925654361e-06 -7.916036836384423680e-06 -1.003690252628647210e-05 1.441660444312878065e-05 5.977560986834092443e-08 5.109990475803717226e-07 4.300669957447522273e-07 3.441056536778016237e-07 -7.170989234451646173e-07
4.880150636417235192e-04 1.984768344353055763e-04 -6.456439666819359380e-02 -5.071763397830203479e-05 -1.511439054400628371e-04 -1.908037335575563333e-06 -2.905108140828925316e-06 -1.866764794040289328e-07 1.471922951582719465e-06 2.499248794262127801e-06 -8.114673491397156888e-05 -1.152994854650056522e-03 7.065762454057821576e-06 -9.096927970047480981e-06 -8.115672885287363413e-06 -6.147005206338484753e-06 -1.098426890360198671e-05 7.192501703377114381e-04 3.491941872671138077e-04 4.135008593488951256e-04 4.445796497426828474e-04 4.739063628129994914e-04 -3.158332479097810367e-06 -8.375900072781558971e-06 -5.363029273433584239e-06 4.982782159922979765e-06 2.552024841400092381e-05
2.995500380849604682e-04 1.953618711244769308e-04 -5.702517896156891752e-02 -4.268414870863940339e-05 -1.265716157049864442e-04 7.199794503836825083e-07 -4.173336040631932108e-06 -1.428588421561022107e-06 1.379323809115474247e-06 3.979123679024781402e-06 -6.126499754378809351e-05 -1.858440124209501023e-03 -1.897475158633684926e-05 -2.113270668910521942e-06 -1.259875313929959632e-05 -4.049136051681493409e-06 -9.729326433925654361e-06 3.491941872671138077e-04 7.444534445894336909e-04 4.596402297690422092e-04 4.943706014427963350e-04 5.377150967268080114e-04 2.019385867060624870e-06 -1.125491727070257464e-05 -7.477864140113358369e-06 6.563394173129800660e-06 3.115081587303391208e-05
2.432647344665425507e-04 2.172727988745420827e-04 -5.914248539020008216e-02 -4.401331054703399768e-05 -1.277533802553160126e-04 1.467323771199940917e-06 -6.727140151849337720e-06 -5.935635711034050536e-07 5.092107017541797067e-07 4.158837589362035201e-06 -4.117351818004476489e-05 -2.332501198785734246e-03 -1.876232441632280296e-05 -2.292201218712002492e-05 2.116227148845919915e-06 -9.830880711161282896e-06 -7.916036836384423680e-06 4.135008593488951256e-04 4.596402297690422092e-04 8.367725727734129587e-04 5.717261537805998477e-04 6.115535739382504726e-04 6.382185751192632175e-07 -9.329374868210615467e-06 -1.206181978579213543e-05 6.107192683481392098e-06 3.404460703740510549e-05
1.123460352571159911e-04 2.077896669825917146e-04 -5.554843617941389311e-02 -4.046408729907023937e-05 -1.134817360701337519e-04 1.353354300990861960e-06 -5.738015071560403866e-06 -1.614847602950295866e-06 1.643412646369350768e-06 4.046337560539994089e-06 -2.978635824906327381e-05 -2.320239707568892782e-03 -1.701902537804304830e-05 -2.502269034614335066e-05 -1.590483237494464468e-05 9.333974928292424167e-06 -1.003690252628647210e-05 4.445796497426828474e-04 4.943706014427963350e-04 5.717261537805998477e-04 8.860779478086530485e-04 6.648986199485380647e-04 -5.966429230999391838e-07 -1.043991702942176018e-05 -9.508144633513420640e-06 6.085659555101735388e-06 3.628185338050467636e-05
4.249880029268712604e-05 2.165537081798316423e-04 -5.624655329191646097e-02 -4.109975636530975395e-05 -1.101731756246595673e-04 9.328831252735691756e-07 -6.045736014606273121e-06 -7.800469013355817830e-07 1.426970741841240632e-06 3.400358236230125931e-06 4.436369674978082810e-06 -2.516320224466456115e-03 -1.905843829545510491e-05 -2.561041618983658883e-05 -1.752264854430296047e-05 -1.273034448232452554e-05 1.441660444312878065e-05 4.739063628129994914e-04 5.377150967268080114e-04 6.115535739382504726e-04 6.648986199485380647e-04 1.019405644470781566e-03 6.145471109014047391e-07 -1.051488710024168657e-05 -1.126116914754552634e-05 6.169183619983771305e-06 3.865177972429988985e-05
2.441284319505907161e-06 7.694503512586925448e-07 -1.659328601870354615e-04 -1.496452456929198583e-07 -4.326142470222695628e-07 -4.573046963083521140e-07 2.387545545630857911e-07 -1.062589462410818836e-07 -6.039814283366220944e-08 -3.396649483155693386e-08 3.383173841327059686e-06 -1.252339282246985866e-04 -4.305322377043728322e-08 5.388625774970583358e-07 9.285682020761622366e-08 1.468511320255053779e-07 5.977560986834092443e-08 -3.158332479097810367e-06 2.019385867060624870e-06 6.382185751192632175e-07 -5.966429230999391838e-07 6.145471109014047391e-07 2.405250822987934365e-05 7.707028745872985878e-07 4.976363675066284097e-07 -1.865951706759140730e-07 -4.259562797867962908e-07
-2.763142665039440665e-05 -1.003879686496537698e-05 2.426820032515963118e-03 2.223981771729075833e-06 6.536168030270726616e-06 3.311502373022030485e-07 -1.629996478648127158e-06 4.170434798969412416e-07 2.149490145715045371e-07 -2.217388014339842166e-08 -3.385087130028607801e-06 9.941380245158267209e-05 8.689811522509288385e-07 5.495370776362960410e-07 1.151074314676239846e-06 4.793285527220084818e-07 5.109990475803717226e-07 -8.375900072781557277e-06 -1.125491727070257464e-05 -9.329374868210615467e-06 -1.043991702942176018e-05 -1.051488710024168657e-05 7.707028745872985878e-07 2.024312749722193312e-05 1.922256048701246738e-06 1.547365354610226993e-06 6.359277813256593940e-07
-2.712060278141583709e-05 -9.813965899403160199e-06 2.401201454260494614e-03 2.183652451561410413e-06 6.120671289493486522e-06 7.278662144861986021e-08 6.674999018838578368e-07 -1.625711160257721410e-06 3.254011862675764934e-07 1.326046704304839376e-07 -7.326153509180543448e-06 1.108523979032866020e-04 7.849271509330789080e-07 5.175591148862734946e-07 1.995714162985893919e-07 7.948085870096847804e-07 4.300669957447522273e-07 -5.363029273433584239e-06 -7.477864140113358369e-06 -1.206181978579213543e-05 -9.508144633513420640e-06 -1.126116914754552634e-05 4.976363675066284097e-07 1.922256048701246738e-06 1.668676647122791971e-05 3.109686299658673588e-06 2.754759357694998291e-06
-8.485282117484874826e-06 1.670460950168194216e-06 4.323104157880976227e-04 4.946781805217778496e-07 7.038371873104975504e-07 7.082182218740966593e-08 5.224514611961595715e-07 6.275493462663404984e-07 -1.573508270462132266e-06 3.637850655823653754e-07 -4.174267656361725827e-06 -4.570531182448716066e-06 -3.028585805802737749e-07 -2.485107181802945532e-08 1.448801038800310884e-07 -1.693108631258547816e-07 3.441056536778016237e-07 4.982782159922980612e-06 6.563394173129800660e-06 6.107192683481392098e-06 6.085659555101735388e-06 6.169183619983771305e-06 -1.865951706759140200e-07 1.547365354610226993e-06 3.109686299658673588e-06 1.431648814741009730e-05 5.504023311546924636e-06
3.613442377194323296e-05 2.303214893191775833e-05 -4.108176064588174928e-03 -3.441428325349907125e-06 -1.150308643915063175e-05 -1.188428621540794255e-07 3.148005927522998990e-07 6.534474070277822394e-07 5.191658067532546368e-07 -5.835707910584321852e-07 7.827849139616099042e-06 -1.038593724913857412e-04 -1.510677178083228828e-06 -1.309849929107812154e-06 -9.285910978943372901e-07 -1.050350989284254642e-06 -7.170989234451646173e-07 2.552024841400092381e-05 3.115081587303391208e-05 3.404460703740510549e-05 3.628185338050467636e-05 3.865177972429988985e-05 -4.259562797867962908e-07 6.359277813256593940e-07 2.754759357694998291e-06 5.504023311546924636e-06 1.441934491185801147e-05
